left_lng =112.397233,38.042581
right_lng =112.69159,37.728167